248425 , 100276969472
248772 , 78847959040
249197 , 139913195520
251828 , 75536334848
253182 , 76534030336
254083 , 143595069440
254961 , 143598755840
255185 , 150857949184
255393 , 118433374208
255755 , 100324941824
256025 , 85407301632
258666 , 95264866304
259078 , 142196629504
261133 , 88597774336
263287 , 97312505856
264135 , 112585678848
267323 , 96259047424
267351 , 140665122816
267634 , 139540049920
268982 , 117314224128
271737 , 69255905280
272064 , 69102575616
273092 , 81568268288
274065 , 95758565376
274569 , 149407145984
275252 , 76680568832
276473 , 138949120000
277552 , 88576917504
278487 , 68479369216
278809 , 147340304384
279252 , 113696333824
281149 , 92908216320
282232 , 79182274560
282996 , 63192489984
283522 , 53618319360
284702 , 140360290304
284745 , 32419189760
285184 , 136645185536
285859 , 55702331392
286843 , 142034341888
287719 , 32419311104
289075 , 133445296128
289086 , 56729083904
289468 , 140393381888
291889 , 95360229376
292322 , 156766838784
293001 , 120776695808
293608 , 151231299584
295156 , 78625710080
296955 , 139028774912
297982 , 50972131328
299071 , 94350442496
299195 , 139419099136
300219 , 76534996992
300284 , 2001039360
300581 , 140476837888
301507 , 54258802688
302601 , 73476833280
303074 , 139419090944
303226 , 118774145024
303566 , 137103495168
305383 , 98594537472
305571 , 57326223360
308153 , 60171550720
308848 , 49056792576
309680 , 75560083456
310592 , 57850118144
310734 , 88254152704
310900 , 87119716352
312976 , 2964987904
313092 , 139709386752
313143 , 57208233984
314590 , 76124708864
314724 , 100689149952
315248 , 48994689024
317634 , 87110131712
319875 , 151974182912
319890 , 81118552064
320338 , 100699373568
321855 , 54222200832
321898 , 141564678144
322320 , 53057069056
322421 , 2146648064
322967 , 85943582720
324527 , 87107141632
325746 , 100944601088
327175 , 54127910912
328210 , 75755921408
328620 , 90063495168
329212 , 54395994112
330001 , 94236082176
330689 , 155434401792
331754 , 52353810432
331770 , 78710865920
333228 , 54239608832
333439 , 112421232640
334268 , 85882552320
334589 , 149363163136
336553 , 51093725184
338256 , 78510161920
338378 , 53605556224
339445 , 81372667904
339520 , 92404563968
341767 , 77336264704
342164 , 54680395776
342910 , 117905555456
344008 , 52152754176
344061 , 94653767680
345865 , 87326638080
346646 , 57736290304
347499 , 136323477504
348500 , 90687217664
349411 , 134702551040
349963 , 60919726080
351049 , 54281592832
351159 , 50105688064
352551 , 83852394496
353235 , 139377717248
354373 , 49463189504
354736 , 73172901888
356941 , 87109107712
357441 , 50673352704
359681 , 87107051520
360090 , 79052529664
360172 , 64794689536
360281 , 112397565952
363351 , 51769163776
363633 , 58659602432
365279 , 83400122368
368394 , 77251624960
369478 , 86391685120
369690 , 155295178752
369915 , 83407372288
370957 , 50486190080
372269 , 155321810944
373081 , 83200696320
373549 , 73335390208
374658 , 95452061696
375076 , 81498759168
375564 , 116767973376
375963 , 139378397184
376355 , 49303715840
377276 , 48974200832
377968 , 82045845504
378594 , 86227443712
380061 , 74110869504
381682 , 156802211840
381688 , 112402440192
382933 , 52321378304
384945 , 83025559552
385019 , 87607934976
385386 , 150049128448
386511 , 135737962496
387104 , 75779776512
387270 , 83400794112
388613 , 84871815168
390186 , 72452849664
390751 , 112510001152
391265 , 84695326720
391275 , 87108894720
392642 , 56749105152
392723 , 83241803776
394772 , 156775890944
395001 , 80236871680
397022 , 120166858752
397039 , 70695428096
398647 , 84335656960
398730 , 87469170688
399541 , 83195174912
399820 , 157423190016
400186 , 48848232448
400298 , 149353947136
403498 , 89776791552
403518 , 76451766272
403833 , 135966748672
405252 , 154694033408
405253 , 76802342912
406630 , 56481660928
407089 , 155050082304
407788 , 88288706560
407921 , 112379953152
409632 , 155381850112
409957 , 82139299840
412897 , 52258799616
413103 , 93571129344
414702 , 133420982272
415314 , 156031115264
415703 , 82776768512
416203 , 70464790528
416832 , 87771840512
417897 , 156030451712
419936 , 155226030080
420296 , 78625701888
421258 , 56427995136
421601 , 155084021760
421726 , 86919675904
422733 , 89556172800
422997 , 2583433216
423426 , 82969894912
423858 , 72315240448
